{
  "elems": [
    
    [ 0, 1, 3, 4, 9, 10, 12, 13 ],
    [ 1, 2, 4, 5, 10, 11, 13, 14 ],
    [ 3, 4, 6, 7, 12, 13, 15, 16 ],
    [ 4, 5, 7, 8, 13, 14, 16, 17 ],
    [ 9, 10, 12, 13, 18, 19, 21, 22 ],
    [ 10, 11, 13, 14, 19, 20, 22, 23 ],
    [ 12, 13, 15, 16, 21, 22, 24, 25 ],
    [ 13, 14, 16, 17, 22, 23, 25, 26 ]
  ],
  "faces": [
    [ 0, 1, 3, 4 ],
    [ 1, 2, 4, 5 ],
    [ 3, 4, 6, 7 ],
    [ 4, 5, 7, 8 ],
    [ 18, 19, 21, 22 ],
    [ 19, 20, 22, 23 ],
    [ 21, 22, 24, 25 ],
    [ 22, 23, 25, 26 ],
    [ 0, 1, 9, 10 ],
    [ 1, 2, 10, 11 ],
    [ 9, 10, 18, 19 ],
    [ 10, 11, 19, 20 ],
    [ 6, 7, 15, 16 ],
    [ 7, 8, 16, 17 ],
    [ 15, 16, 24, 25 ],
    [ 16, 17, 25, 26 ],
    [ 0, 3, 9, 12 ],
    [ 3, 6, 12, 15 ],
    [ 9, 12, 18, 21 ],
    [ 12, 15, 21, 24 ],
    [ 2, 5, 11, 14 ],
    [ 5, 8, 14, 17 ],
    [ 11, 14, 20, 23 ],
    [ 14, 17, 23, 26 ]
  ],
  "points": [
    [ 0.0, 0.0, 0.0 ],
    [ -5.0, 0.0, 0.0 ],
    [ -10.0, 0.0, 0.0 ],
    [ 0.0, -1.0, 0.0 ],
    [ -5.0, -1.0, 0.0 ],
    [ -10.0, -1.0, 0.0 ],
    [ 0.0, -2.0, 0.0 ],
    [ -5.0, -2.0, 0.0 ],
    [ -10.0, -2.0, 0.0 ],
    [ 0.0, 0.0, -2.0 ],
    [ -5.0, 0.0, -2.0 ],
    [ -10.0, 0.0, -2.0 ],
    [ 0.0, -1.0, -2.0 ],
    [ -5.0, -1.0, -2.0 ],
    [ -10.0, -1.0, -2.0 ],
    [ 0.0, -2.0, -2.0 ],
    [ -5.0, -2.0, -2.0 ],
    [ -10.0, -2.0, -2.0 ],
    [ 0.0, 0.0, -4.0 ],
    [ -5.0, 0.0, -4.0 ],
    [ -10.0, 0.0, -4.0 ],
    [ 0.0, -1.0, -4.0 ],
    [ -5.0, -1.0, -4.0 ],
    [ -10.0, -1.0, -4.0 ],
    [ 0.0, -2.0, -4.0 ],
    [ -5.0, -2.0, -4.0 ],
    [ -10.0, -2.0, -4.0 ]
  ]
}
